0.5100 0.0100 0.9900 0.0100 0.0100 0.0100 0.7100 0.9900 70.0000 50.0000 70.0000 95.0000 2.0000 50.0000 20.0000 10.0000 0.1100 0.0100 0.1990 0.0010 0.4900 49.0000 0.1000 -4.9000 4.9000 0.1000 0.0100 499.9000 0.0100 5999.9000 99.9000 0.1000 3.1000 7601.0000 50.9000 0.1000 0.0200 9.9000 0.0100 1.1000 0.1000 0.1000 0.2900 0.9900 0.9900 2.9000 100.0000 0.0100
0.5100 0.0100 0.9900 0.0100 0.0100 0.0100 0.7100 0.9900 70.0000 50.0000 70.0000 95.0000 2.0000 50.0000 20.0000 10.0000 0.1100 0.0100 0.1990 0.0010 0.4900 49.0000 0.1000 -4.9000 4.9000 0.1000 0.0100 499.9000 0.0100 5999.9000 99.9000 0.1000 3.1000 7601.0000 50.9000 0.1000 0.0200 9.9000 0.0100 23.9000 0.1000 0.1000 0.2900 0.9900 0.9900 2.9000 100.0000 0.0100
0.5100 0.0100 0.9900 0.0100 0.0100 0.0100 0.7100 0.9900 70.0000 50.0000 70.0000 95.0000 2.0000 50.0000 20.0000 10.0000 0.1100 0.0100 0.1990 0.0010 0.4900 49.0000 0.1000 -4.9000 4.9000 0.1000 0.0100 499.9000 0.0100 5999.9000 99.9000 0.1000 3.1000 7601.0000 50.9000 0.1000 0.0200 0.1000 0.0100 23.9000 0.1000 0.1000 0.2900 0.9900 0.9900 2.9000 100.0000 0.0100
0.5100 0.0100 0.9900 0.0100 0.9900 0.0100 0.7100 0.9900 70.0000 50.0000 70.0000 95.0000 2.0000 50.0000 20.0000 10.0000 0.1100 0.0100 0.1990 0.0010 0.4900 49.0000 0.1000 -4.9000 4.9000 0.1000 0.0100 499.9000 0.0100 5999.9000 99.9000 0.1000 3.1000 7601.0000 50.9000 0.1000 0.0200 0.1000 0.0100 23.9000 0.1000 0.1000 0.2900 0.9900 0.9900 2.9000 100.0000 0.0100
0.5100 0.0100 0.9900 0.0100 0.9900 0.9900 0.7100 0.9900 70.0000 50.0000 70.0000 95.0000 2.0000 50.0000 20.0000 10.0000 0.1100 0.0100 0.1990 0.0010 0.4900 49.0000 0.1000 -4.9000 4.9000 0.1000 0.0100 499.9000 0.0100 5999.9000 99.9000 0.1000 3.1000 7601.0000 50.9000 0.1000 0.0200 0.1000 0.0100 23.9000 0.1000 0.1000 0.2900 0.9900 0.9900 2.9000 100.0000 0.0100
0.5100 0.0100 0.9900 0.0100 0.9900 0.9900 0.7100 0.9900 70.0000 50.0000 70.0000 95.0000 2.0000 50.0000 20.0000 10.0000 0.1100 0.0100 0.1990 0.0010 0.4900 49.0000 0.1000 4.9000 4.9000 0.1000 0.0100 499.9000 0.0100 5999.9000 99.9000 0.1000 3.1000 7601.0000 50.9000 0.1000 0.0200 0.1000 0.0100 23.9000 0.1000 0.1000 0.2900 0.9900 0.9900 2.9000 100.0000 0.0100
0.5100 0.0100 0.9900 0.0100 0.9900 0.9900 0.7100 0.9900 70.0000 50.0000 70.0000 95.0000 2.0000 50.0000 20.0000 10.0000 0.1100 0.0100 0.1990 0.0010 0.4900 49.0000 0.1000 4.9000 4.9000 0.1000 0.0100 499.9000 0.0100 5999.9000 99.9000 0.1000 3.1000 7601.0000 50.9000 0.1000 0.0200 0.1000 0.0100 23.9000 0.1000 9.9000 0.2900 0.9900 0.9900 2.9000 100.0000 0.0100
0.5100 0.0100 0.9900 0.0100 0.9900 0.9900 0.7100 0.9900 70.0000 50.0000 70.0000 95.0000 2.0000 50.0000 20.0000 10.0000 0.1100 0.0100 0.1990 0.0010 0.4900 49.0000 0.1000 4.9000 4.9000 0.1000 0.0100 499.9000 0.0100 5999.9000 99.9000 0.1000 3.1000 7601.0000 10.1000 0.1000 0.0200 0.1000 0.0100 23.9000 0.1000 9.9000 0.2900 0.9900 0.9900 2.9000 100.0000 0.0100
0.5100 0.0100 0.9900 0.0100 0.9900 0.9900 0.7100 0.9900 70.0000 50.0000 70.0000 95.0000 2.0000 50.0000 20.0000 10.0000 0.1100 0.0100 0.1990 0.0010 0.4900 49.0000 0.1000 4.9000 4.9000 0.1000 0.0100 499.9000 0.0100 5999.9000 99.9000 0.1000 3.1000 7601.0000 10.1000 9.9000 0.0200 0.1000 0.0100 23.9000 0.1000 9.9000 0.2900 0.9900 0.9900 2.9000 100.0000 0.0100
0.5100 0.0100 0.9900 0.0100 0.9900 0.9900 0.7100 0.9900 70.0000 50.0000 70.0000 95.0000 2.0000 50.0000 20.0000 10.0000 0.1100 0.0100 0.1990 0.0010 0.4900 49.0000 0.1000 4.9000 4.9000 0.1000 0.0100 499.9000 0.0100 5999.9000 99.9000 0.1000 3.1000 7601.0000 10.1000 9.9000 0.0200 0.1000 0.0100 23.9000 0.1000 9.9000 0.2900 0.9900 0.0100 2.9000 100.0000 0.0100
0.5100 0.0100 0.9900 0.0100 0.9900 0.9900 0.7100 0.9900 70.0000 50.0000 70.0000 95.0000 2.0000 50.0000 20.0000 10.0000 0.1100 0.0100 0.1990 0.0010 0.4900 49.0000 0.1000 4.9000 4.9000 0.1000 0.0100 499.9000 0.0100 5999.9000 99.9000 0.1000 3.1000 7601.0000 10.1000 9.9000 0.0200 0.1000 0.0100 23.9000 0.1000 9.9000 0.2900 0.5100 0.0100 2.9000 100.0000 0.0100
0.5100 0.0100 0.9900 0.0100 0.9900 0.9900 0.7100 0.9900 70.0000 50.0000 70.0000 95.0000 2.0000 50.0000 20.0000 10.0000 0.1100 0.0100 0.1990 0.0010 0.4900 49.0000 0.1000 4.9000 4.9000 0.1000 0.9900 499.9000 0.0100 5999.9000 99.9000 0.1000 3.1000 7601.0000 10.1000 9.9000 0.0200 0.1000 0.0100 23.9000 0.1000 9.9000 0.2900 0.5100 0.0100 2.9000 100.0000 0.0100
0.5100 0.0100 0.9900 0.0100 0.9900 0.9900 0.7100 0.9900 70.0000 50.0000 70.0000 95.0000 2.0000 50.0000 20.0000 10.0000 0.1100 0.0100 0.1990 0.0010 0.4900 49.0000 0.1000 4.9000 4.9000 0.1000 0.9900 499.9000 0.0100 5999.9000 99.9000 0.1000 3.1000 7601.0000 10.1000 9.9000 0.0200 0.1000 0.0100 23.9000 0.1000 9.9000 0.0100 0.5100 0.0100 2.9000 100.0000 0.0100
0.5100 0.0100 0.9900 0.0100 0.9900 0.9900 0.7100 0.9900 70.0000 50.0000 70.0000 95.0000 2.0000 50.0000 20.0000 10.0000 0.1100 0.0100 0.1990 0.0010 0.4900 49.0000 0.1000 4.9000 4.9000 0.1000 0.9900 499.9000 0.0100 5999.9000 99.9000 0.1000 3.1000 7601.0000 10.1000 9.9000 0.0200 0.1000 0.0100 23.9000 0.1000 9.9000 0.0100 0.5100 0.0100 1.1000 100.0000 0.0100
0.5100 0.0100 0.9900 0.0100 0.9900 0.9900 0.7100 0.9900 70.0000 50.0000 70.0000 95.0000 2.0000 50.0000 20.0000 10.0000 0.1100 0.0100 0.1990 0.1000 0.4900 49.0000 0.1000 4.9000 4.9000 0.1000 0.9900 499.9000 0.0100 5999.9000 99.9000 0.1000 3.1000 7601.0000 10.1000 9.9000 0.0200 0.1000 0.0100 23.9000 0.1000 9.9000 0.0100 0.5100 0.0100 1.1000 100.0000 0.0100
0.5100 0.0100 0.9900 0.0100 0.9900 0.9900 0.7100 0.9900 70.0000 50.0000 70.0000 95.0000 2.0000 50.0000 20.0000 10.0000 0.1100 0.0100 0.1990 0.1000 0.4900 49.0000 0.1000 4.9000 4.9000 9.9000 0.9900 499.9000 0.0100 5999.9000 99.9000 0.1000 3.1000 7601.0000 10.1000 9.9000 0.0200 0.1000 0.0100 23.9000 0.1000 9.9000 0.0100 0.5100 0.0100 1.1000 100.0000 0.0100
0.5100 0.0100 0.9900 0.0100 0.9900 0.9900 0.7100 0.9900 70.0000 50.0000 70.0000 95.0000 2.0000 50.0000 20.0000 10.0000 0.1100 0.0100 0.1990 0.1000 0.4900 49.0000 0.1000 4.9000 4.9000 9.9000 0.9900 499.9000 0.0100 5999.9000 99.9000 0.1000 3.1000 7601.0000 10.1000 9.9000 0.0200 0.1000 0.0100 23.9000 9.9000 9.9000 0.0100 0.5100 0.0100 1.1000 100.0000 0.0100
0.5100 0.0100 0.9900 0.0100 0.9900 0.9900 0.7100 0.9900 70.0000 50.0000 70.0000 95.0000 2.0000 50.0000 20.0000 10.0000 0.1100 0.0100 0.1990 0.1000 0.4900 49.0000 0.1000 4.9000 4.9000 9.9000 0.9900 499.9000 0.0100 5999.9000 99.9000 0.1000 3.1000 7601.0000 10.1000 9.9000 0.0200 0.1000 0.9900 23.9000 9.9000 9.9000 0.0100 0.5100 0.0100 1.1000 100.0000 0.0100
0.5100 0.0100 0.9900 0.0100 0.9900 0.9900 0.7100 0.9900 70.0000 50.0000 70.0000 95.0000 2.0000 50.0000 20.0000 10.0000 0.1100 0.0100 0.1990 0.1000 0.4900 0.1000 0.1000 4.9000 4.9000 9.9000 0.9900 499.9000 0.0100 5999.9000 99.9000 0.1000 3.1000 7601.0000 10.1000 9.9000 0.0200 0.1000 0.9900 23.9000 9.9000 9.9000 0.0100 0.5100 0.0100 1.1000 100.0000 0.0100
0.5100 0.0100 0.9900 0.0100 0.9900 0.9900 0.7100 0.9900 70.0000 50.0000 70.0000 95.0000 2.0000 50.0000 20.0000 10.0000 0.1100 0.0100 0.1990 0.1000 0.4900 0.1000 0.1000 4.9000 4.9000 9.9000 0.9900 499.9000 0.0100 0.1000 99.9000 0.1000 3.1000 7601.0000 10.1000 9.9000 0.0200 0.1000 0.9900 23.9000 9.9000 9.9000 0.0100 0.5100 0.0100 1.1000 100.0000 0.0100
0.5100 0.0100 0.9900 0.0100 0.9900 0.9900 0.7100 0.9900 70.0000 50.0000 70.0000 95.0000 2.0000 50.0000 2.0000 10.0000 0.1100 0.0100 0.1990 0.1000 0.4900 0.1000 0.1000 4.9000 4.9000 9.9000 0.9900 499.9000 0.0100 0.1000 99.9000 0.1000 3.1000 7601.0000 10.1000 9.9000 0.0200 0.1000 0.9900 23.9000 9.9000 9.9000 0.0100 0.5100 0.0100 1.1000 100.0000 0.0100
0.5100 0.0100 0.9900 0.0100 0.9900 0.9900 0.7100 0.9900 70.0000 50.0000 70.0000 95.0000 2.0000 50.0000 2.0000 10.0000 0.1100 0.0100 0.1990 0.1000 0.4900 0.1000 0.1000 4.9000 4.9000 9.9000 0.9900 499.9000 0.0100 0.1000 99.9000 0.1000 39.9000 7601.0000 10.1000 9.9000 0.0200 0.1000 0.9900 23.9000 9.9000 9.9000 0.0100 0.5100 0.0100 1.1000 100.0000 0.0100
0.5100 0.0100 0.9900 0.0100 0.9900 0.9900 0.7100 0.9900 70.0000 50.0000 70.0000 95.0000 0.0000 50.0000 2.0000 10.0000 0.1100 0.0100 0.1990 0.1000 0.4900 0.1000 0.1000 4.9000 4.9000 9.9000 0.9900 499.9000 0.0100 0.1000 99.9000 0.1000 39.9000 7601.0000 10.1000 9.9000 0.0200 0.1000 0.9900 23.9000 9.9000 9.9000 0.0100 0.5100 0.0100 1.1000 100.0000 0.0100
0.5100 0.0100 0.9900 0.0100 0.9900 0.9900 0.7100 0.9900 70.0000 50.0000 70.0000 95.0000 0.0000 50.0000 2.0000 10.0000 0.1100 0.0100 0.0210 0.1000 0.4900 0.1000 0.1000 4.9000 4.9000 9.9000 0.9900 499.9000 0.0100 0.1000 99.9000 0.1000 39.9000 7601.0000 10.1000 9.9000 0.0200 0.1000 0.9900 23.9000 9.9000 9.9000 0.0100 0.5100 0.0100 1.1000 100.0000 0.0100
0.5100 99.9000 0.9900 0.0100 0.9900 0.9900 0.7100 0.9900 70.0000 50.0000 70.0000 95.0000 0.0000 50.0000 2.0000 10.0000 0.1100 0.0100 0.0210 0.1000 0.4900 0.1000 0.1000 4.9000 4.9000 9.9000 0.9900 499.9000 0.0100 0.1000 99.9000 0.1000 39.9000 7601.0000 10.1000 9.9000 0.0200 0.1000 0.9900 23.9000 9.9000 9.9000 0.0100 0.5100 0.0100 1.1000 100.0000 0.0100
0.5100 99.9000 0.9900 0.0100 0.9900 0.9900 0.7100 0.9900 70.0000 50.0000 70.0000 95.0000 0.0000 50.0000 2.0000 10.0000 0.1100 0.9900 0.0210 0.1000 0.4900 0.1000 0.1000 4.9000 4.9000 9.9000 0.9900 499.9000 0.0100 0.1000 99.9000 0.1000 39.9000 7601.0000 10.1000 9.9000 0.0200 0.1000 0.9900 23.9000 9.9000 9.9000 0.0100 0.5100 0.0100 1.1000 100.0000 0.0100
0.5100 99.9000 0.9900 0.0100 0.9900 0.9900 0.7100 0.9900 70.0000 50.0000 70.0000 95.0000 0.0000 50.0000 2.0000 10.0000 0.1100 0.9900 0.0210 0.1000 0.4900 0.1000 0.1000 4.9000 4.9000 9.9000 0.9900 499.9000 0.0100 0.1000 99.9000 0.1000 39.9000 29999.0000 10.1000 9.9000 0.0200 0.1000 0.9900 23.9000 9.9000 9.9000 0.0100 0.5100 0.0100 1.1000 100.0000 0.0100
0.5100 99.9000 0.9900 0.0100 0.9900 0.9900 0.7100 0.0100 70.0000 50.0000 70.0000 95.0000 0.0000 50.0000 2.0000 10.0000 0.1100 0.9900 0.0210 0.1000 0.4900 0.1000 0.1000 4.9000 4.9000 9.9000 0.9900 499.9000 0.0100 0.1000 99.9000 0.1000 39.9000 29999.0000 10.1000 9.9000 0.0200 0.1000 0.9900 23.9000 9.9000 9.9000 0.0100 0.5100 0.0100 1.1000 100.0000 0.0100
0.5100 99.9000 0.9900 0.0100 0.9900 0.9900 0.7100 0.0100 70.0000 80.0000 70.0000 95.0000 0.0000 50.0000 2.0000 10.0000 0.1100 0.9900 0.0210 0.1000 0.4900 0.1000 0.1000 4.9000 4.9000 9.9000 0.9900 499.9000 0.0100 0.1000 99.9000 0.1000 39.9000 29999.0000 10.1000 9.9000 0.0200 0.1000 0.9900 23.9000 9.9000 9.9000 0.0100 0.5100 0.0100 1.1000 100.0000 0.0100
0.5100 99.9000 0.9900 0.0100 0.9900 0.9900 0.7100 0.0100 70.0000 80.0000 90.0000 95.0000 0.0000 50.0000 2.0000 10.0000 0.1100 0.9900 0.0210 0.1000 0.4900 0.1000 0.1000 4.9000 4.9000 9.9000 0.9900 499.9000 0.0100 0.1000 99.9000 0.1000 39.9000 29999.0000 10.1000 9.9000 0.0200 0.1000 0.9900 23.9000 9.9000 9.9000 0.0100 0.5100 0.0100 1.1000 100.0000 0.0100
0.5100 99.9000 0.9900 0.0100 0.9900 0.9900 0.7100 0.0100 70.0000 80.0000 90.0000 95.0000 0.0000 50.0000 2.0000 10.0000 0.1100 0.9900 0.0210 0.1000 0.4900 0.1000 0.1000 4.9000 -4.9000 9.9000 0.9900 499.9000 0.0100 0.1000 99.9000 0.1000 39.9000 29999.0000 10.1000 9.9000 0.0200 0.1000 0.9900 23.9000 9.9000 9.9000 0.0100 0.5100 0.0100 1.1000 100.0000 0.0100
0.5100 99.9000 0.9900 0.0100 0.9900 0.9900 0.7100 0.0100 70.0000 80.0000 90.0000 95.0000 0.0000 50.0000 2.0000 10.0000 0.1100 0.9900 0.0210 0.1000 0.4900 0.1000 0.1000 4.9000 -4.9000 9.9000 0.9900 499.9000 0.0100 0.1000 99.9000 99.9000 39.9000 29999.0000 10.1000 9.9000 0.0200 0.1000 0.9900 23.9000 9.9000 9.9000 0.0100 0.5100 0.0100 1.1000 100.0000 0.0100
0.5100 99.9000 0.9900 0.0100 0.9900 0.9900 1.2900 0.0100 70.0000 80.0000 90.0000 95.0000 0.0000 50.0000 2.0000 10.0000 0.1100 0.9900 0.0210 0.1000 0.4900 0.1000 0.1000 4.9000 -4.9000 9.9000 0.9900 499.9000 0.0100 0.1000 99.9000 99.9000 39.9000 29999.0000 10.1000 9.9000 0.0200 0.1000 0.9900 23.9000 9.9000 9.9000 0.0100 0.5100 0.0100 1.1000 100.0000 0.0100
0.5100 99.9000 0.9900 0.0100 0.9900 0.9900 1.2900 0.0100 70.0000 80.0000 90.0000 95.0000 0.0000 50.0000 2.0000 10.0000 0.1100 0.9900 0.0210 0.1000 0.4900 0.1000 0.1000 4.9000 -4.9000 9.9000 0.9900 499.9000 0.9000 0.1000 99.9000 99.9000 39.9000 29999.0000 10.1000 9.9000 0.0200 0.1000 0.9900 23.9000 9.9000 9.9000 0.0100 0.5100 0.0100 1.1000 100.0000 0.0100
179.0000 99.9000 0.9900 0.0100 0.9900 0.9900 1.2900 0.0100 70.0000 80.0000 90.0000 95.0000 0.0000 50.0000 2.0000 10.0000 0.1100 0.9900 0.0210 0.1000 0.4900 0.1000 0.1000 4.9000 -4.9000 9.9000 0.9900 499.9000 0.9000 0.1000 99.9000 99.9000 39.9000 29999.0000 10.1000 9.9000 0.0200 0.1000 0.9900 23.9000 9.9000 9.9000 0.0100 0.5100 0.0100 1.1000 100.0000 0.0100
179.0000 99.9000 0.9900 0.0100 0.9900 0.9900 1.2900 0.0100 70.0000 80.0000 90.0000 95.0000 0.0000 5.0000 2.0000 10.0000 0.1100 0.9900 0.0210 0.1000 0.4900 0.1000 0.1000 4.9000 -4.9000 9.9000 0.9900 499.9000 0.9000 0.1000 99.9000 99.9000 39.9000 29999.0000 10.1000 9.9000 0.0200 0.1000 0.9900 23.9000 9.9000 9.9000 0.0100 0.5100 0.0100 1.1000 100.0000 0.0100
179.0000 99.9000 0.9900 0.0100 0.9900 0.9900 1.2900 0.0100 70.0000 80.0000 90.0000 95.0000 0.0000 5.0000 2.0000 10.0000 1.9900 0.9900 0.0210 0.1000 0.4900 0.1000 0.1000 4.9000 -4.9000 9.9000 0.9900 499.9000 0.9000 0.1000 99.9000 99.9000 39.9000 29999.0000 10.1000 9.9000 0.0200 0.1000 0.9900 23.9000 9.9000 9.9000 0.0100 0.5100 0.0100 1.1000 100.0000 0.0100
179.0000 99.9000 0.9900 0.9900 0.9900 0.9900 1.2900 0.0100 70.0000 80.0000 90.0000 95.0000 0.0000 5.0000 2.0000 10.0000 1.9900 0.9900 0.0210 0.1000 0.4900 0.1000 0.1000 4.9000 -4.9000 9.9000 0.9900 499.9000 0.9000 0.1000 99.9000 99.9000 39.9000 29999.0000 10.1000 9.9000 0.0200 0.1000 0.9900 23.9000 9.9000 9.9000 0.0100 0.5100 0.0100 1.1000 100.0000 0.0100
179.0000 99.9000 0.9900 0.9900 0.9900 0.9900 1.2900 0.0100 70.0000 80.0000 90.0000 95.0000 0.0000 5.0000 2.0000 10.0000 1.9900 0.9900 0.0210 0.1000 0.4900 0.1000 0.1000 4.9000 -4.9000 9.9000 0.9900 499.9000 0.9000 0.1000 99.9000 99.9000 39.9000 29999.0000 10.1000 9.9000 0.0200 0.1000 0.9900 23.9000 9.9000 9.9000 0.0100 0.5100 0.0100 1.1000 100.0000 0.9000
179.0000 99.9000 0.0100 0.9900 0.9900 0.9900 1.2900 0.0100 70.0000 80.0000 90.0000 95.0000 0.0000 5.0000 2.0000 10.0000 1.9900 0.9900 0.0210 0.1000 0.4900 0.1000 0.1000 4.9000 -4.9000 9.9000 0.9900 499.9000 0.9000 0.1000 99.9000 99.9000 39.9000 29999.0000 10.1000 9.9000 0.0200 0.1000 0.9900 23.9000 9.9000 9.9000 0.0100 0.5100 0.0100 1.1000 100.0000 0.9000
179.0000 99.9000 0.0100 0.9900 0.9900 0.9900 1.2900 0.0100 70.0000 80.0000 90.0000 95.0000 0.0000 5.0000 2.0000 10.0000 1.9900 0.9900 0.0210 0.1000 0.0100 0.1000 0.1000 4.9000 -4.9000 9.9000 0.9900 499.9000 0.9000 0.1000 99.9000 99.9000 39.9000 29999.0000 10.1000 9.9000 0.0200 0.1000 0.9900 23.9000 9.9000 9.9000 0.0100 0.5100 0.0100 1.1000 100.0000 0.9000
179.0000 99.9000 0.0100 0.9900 0.9900 0.9900 1.2900 0.0100 70.0000 80.0000 90.0000 95.0000 0.0000 5.0000 2.0000 200.0000 1.9900 0.9900 0.0210 0.1000 0.0100 0.1000 0.1000 4.9000 -4.9000 9.9000 0.9900 499.9000 0.9000 0.1000 99.9000 99.9000 39.9000 29999.0000 10.1000 9.9000 0.0200 0.1000 0.9900 23.9000 9.9000 9.9000 0.0100 0.5100 0.0100 1.1000 100.0000 0.9000
179.0000 99.9000 0.0100 0.9900 0.9900 0.9900 1.2900 0.0100 70.0000 80.0000 90.0000 95.0000 0.0000 5.0000 2.0000 200.0000 1.9900 0.9900 0.0210 0.1000 0.0100 0.1000 0.1000 4.9000 -4.9000 9.9000 0.9900 499.9000 0.9000 0.1000 0.1000 99.9000 39.9000 29999.0000 10.1000 9.9000 0.0200 0.1000 0.9900 23.9000 9.9000 9.9000 0.0100 0.5100 0.0100 1.1000 100.0000 0.9000
179.0000 99.9000 0.0100 0.9900 0.9900 0.9900 1.2900 0.0100 70.0000 80.0000 90.0000 95.0000 0.0000 5.0000 2.0000 200.0000 1.9900 0.9900 0.0210 0.1000 0.0100 0.1000 0.1000 4.9000 -4.9000 9.9000 0.9900 0.1000 0.9000 0.1000 0.1000 99.9000 39.9000 29999.0000 10.1000 9.9000 0.0200 0.1000 0.9900 23.9000 9.9000 9.9000 0.0100 0.5100 0.0100 1.1000 100.0000 0.9000
179.0000 99.9000 0.0100 0.9900 0.9900 0.9900 1.2900 0.0100 70.0000 80.0000 90.0000 95.0000 0.0000 5.0000 2.0000 200.0000 1.9900 0.9900 0.0210 0.1000 0.0100 0.1000 0.1000 4.9000 -4.9000 9.9000 0.9900 0.1000 0.9000 0.1000 0.1000 99.9000 39.9000 29999.0000 10.1000 9.9000 0.0200 0.1000 0.9900 23.9000 9.9000 9.9000 0.0100 0.5100 0.0100 1.1000 10.0000 0.9000
179.0000 99.9000 0.0100 0.9900 0.9900 0.9900 1.2900 0.0100 30.0000 80.0000 90.0000 95.0000 0.0000 5.0000 2.0000 200.0000 1.9900 0.9900 0.0210 0.1000 0.0100 0.1000 0.1000 4.9000 -4.9000 9.9000 0.9900 0.1000 0.9000 0.1000 0.1000 99.9000 39.9000 29999.0000 10.1000 9.9000 0.0200 0.1000 0.9900 23.9000 9.9000 9.9000 0.0100 0.5100 0.0100 1.1000 10.0000 0.9000
179.0000 99.9000 0.0100 0.9900 0.9900 0.9900 1.2900 0.0100 30.0000 80.0000 90.0000 95.0000 0.0000 5.0000 2.0000 200.0000 1.9900 0.9900 0.0210 0.1000 0.0100 0.1000 0.1000 4.9000 -4.9000 9.9000 0.9900 0.1000 0.9000 0.1000 0.1000 99.9000 39.9000 29999.0000 10.1000 9.9000 3.9900 0.1000 0.9900 23.9000 9.9000 9.9000 0.0100 0.5100 0.0100 1.1000 10.0000 0.9000
179.0000 99.9000 0.0100 0.9900 0.9900 0.9900 1.2900 0.0100 30.0000 80.0000 90.0000 95.0000 0.0000 5.0000 2.0000 200.0000 1.9900 0.9900 0.0210 0.1000 0.0100 0.1000 49.0000 4.9000 -4.9000 9.9000 0.9900 0.1000 0.9000 0.1000 0.1000 99.9000 39.9000 29999.0000 10.1000 9.9000 3.9900 0.1000 0.9900 23.9000 9.9000 9.9000 0.0100 0.5100 0.0100 1.1000 10.0000 0.9000
179.0000 99.9000 0.0100 0.9900 0.9900 0.9900 1.2900 0.0100 30.0000 80.0000 90.0000 80.0000 0.0000 5.0000 2.0000 200.0000 1.9900 0.9900 0.0210 0.1000 0.0100 0.1000 49.0000 4.9000 -4.9000 9.9000 0.9900 0.1000 0.9000 0.1000 0.1000 99.9000 39.9000 29999.0000 10.1000 9.9000 3.9900 0.1000 0.9900 23.9000 9.9000 9.9000 0.0100 0.5100 0.0100 1.1000 10.0000 0.9000
179.0000 0.0100 0.9900 0.9900 0.0100 0.9900 1.2900 0.0100 30.0000 80.0000 90.0000 95.0000 0.0000 50.0000 20.0000 200.0000 1.9900 0.0100 0.1990 0.1000 0.4900 49.0000 0.1000 -4.9000 4.9000 9.9000 0.0100 0.1000 0.0100 5999.9000 99.9000 99.9000 39.9000 29999.0000 10.1000 0.1000 0.0200 9.9000 0.0100 1.1000 9.9000 9.9000 0.2900 0.5100 0.0100 2.9000 10.0000 0.0100
179.0000 0.0100 0.9900 0.9900 0.0100 0.9900 1.2900 0.0100 30.0000 80.0000 90.0000 95.0000 0.0000 50.0000 20.0000 200.0000 1.9900 0.0100 0.1990 0.1000 0.4900 49.0000 0.1000 -4.9000 4.9000 9.9000 0.0100 0.1000 0.0100 5999.9000 99.9000 99.9000 39.9000 29999.0000 10.1000 9.9000 0.0200 9.9000 0.0100 1.1000 9.9000 9.9000 0.2900 0.5100 0.0100 2.9000 10.0000 0.0100
179.0000 0.0100 0.9900 0.9900 0.0100 0.9900 1.2900 0.0100 30.0000 80.0000 90.0000 95.0000 0.0000 50.0000 20.0000 200.0000 1.9900 0.0100 0.1990 0.1000 0.4900 49.0000 0.1000 -4.9000 4.9000 9.9000 0.0100 0.1000 0.0100 5999.9000 99.9000 99.9000 39.9000 29999.0000 10.1000 9.9000 0.0200 9.9000 0.9900 1.1000 9.9000 9.9000 0.2900 0.5100 0.0100 2.9000 10.0000 0.0100
179.0000 0.0100 0.9900 0.9900 0.0100 0.9900 1.2900 0.0100 30.0000 80.0000 90.0000 95.0000 0.0000 50.0000 20.0000 200.0000 1.9900 0.0100 0.1990 0.1000 0.4900 49.0000 0.1000 -4.9000 4.9000 9.9000 0.0100 0.1000 0.0100 5999.9000 0.1000 99.9000 39.9000 29999.0000 10.1000 9.9000 0.0200 9.9000 0.9900 1.1000 9.9000 9.9000 0.2900 0.5100 0.0100 2.9000 10.0000 0.0100
179.0000 0.0100 0.9900 0.9900 0.0100 0.9900 1.2900 0.0100 30.0000 80.0000 90.0000 95.0000 0.0000 50.0000 20.0000 200.0000 1.9900 0.0100 0.1990 0.1000 0.4900 49.0000 0.1000 -4.9000 4.9000 9.9000 0.0100 0.1000 0.0100 5999.9000 0.1000 99.9000 39.9000 29999.0000 10.1000 9.9000 3.9900 9.9000 0.9900 1.1000 9.9000 9.9000 0.2900 0.5100 0.0100 2.9000 10.0000 0.0100
179.0000 0.0100 0.9900 0.9900 0.0100 0.9900 1.2900 0.0100 30.0000 80.0000 90.0000 95.0000 0.0000 50.0000 20.0000 200.0000 1.9900 0.0100 0.1990 0.0010 0.4900 49.0000 0.1000 -4.9000 4.9000 9.9000 0.0100 0.1000 0.0100 5999.9000 0.1000 99.9000 39.9000 29999.0000 10.1000 9.9000 3.9900 9.9000 0.9900 1.1000 9.9000 9.9000 0.2900 0.5100 0.0100 2.9000 10.0000 0.0100
179.0000 0.0100 0.9900 0.0100 0.0100 0.9900 1.2900 0.0100 30.0000 80.0000 90.0000 95.0000 0.0000 50.0000 20.0000 200.0000 1.9900 0.0100 0.1990 0.0010 0.4900 49.0000 0.1000 -4.9000 4.9000 9.9000 0.0100 0.1000 0.0100 5999.9000 0.1000 99.9000 39.9000 29999.0000 10.1000 9.9000 3.9900 9.9000 0.9900 1.1000 9.9000 9.9000 0.2900 0.5100 0.0100 2.9000 10.0000 0.0100
179.0000 0.0100 0.9900 0.0100 0.0100 0.9900 1.2900 0.0100 30.0000 80.0000 90.0000 95.0000 0.0000 50.0000 20.0000 200.0000 1.9900 0.0100 0.1990 0.0010 0.4900 49.0000 0.1000 -4.9000 4.9000 9.9000 0.0100 0.1000 0.0100 5999.9000 0.1000 99.9000 39.9000 7601.0000 10.1000 9.9000 3.9900 9.9000 0.9900 1.1000 9.9000 9.9000 0.2900 0.5100 0.0100 2.9000 10.0000 0.0100
179.0000 0.0100 0.9900 0.0100 0.0100 0.9900 1.2900 0.0100 30.0000 80.0000 90.0000 95.0000 0.0000 50.0000 20.0000 200.0000 1.9900 0.0100 0.1990 0.0010 0.4900 49.0000 0.1000 -4.9000 4.9000 9.9000 0.0100 0.1000 0.0100 5999.9000 0.1000 99.9000 39.9000 7601.0000 10.1000 9.9000 3.9900 9.9000 0.9900 1.1000 9.9000 9.9000 0.2900 0.5100 0.9900 2.9000 10.0000 0.0100
179.0000 0.0100 0.9900 0.0100 0.0100 0.9900 1.2900 0.0100 30.0000 80.0000 90.0000 95.0000 0.0000 50.0000 20.0000 200.0000 1.9900 0.0100 0.1990 0.0010 0.4900 49.0000 0.1000 4.9000 4.9000 9.9000 0.0100 0.1000 0.0100 5999.9000 0.1000 99.9000 39.9000 7601.0000 10.1000 9.9000 3.9900 9.9000 0.9900 1.1000 9.9000 9.9000 0.2900 0.5100 0.9900 2.9000 10.0000 0.0100
179.0000 0.0100 0.9900 0.0100 0.0100 0.9900 1.2900 0.0100 30.0000 80.0000 90.0000 95.0000 0.0000 50.0000 2.0000 200.0000 1.9900 0.0100 0.1990 0.0010 0.4900 49.0000 0.1000 4.9000 4.9000 9.9000 0.0100 0.1000 0.0100 5999.9000 0.1000 99.9000 39.9000 7601.0000 10.1000 9.9000 3.9900 9.9000 0.9900 1.1000 9.9000 9.9000 0.2900 0.5100 0.9900 2.9000 10.0000 0.0100
179.0000 0.0100 0.9900 0.0100 0.0100 0.9900 1.2900 0.0100 30.0000 80.0000 90.0000 95.0000 0.0000 50.0000 2.0000 200.0000 1.9900 0.0100 0.1990 0.0010 0.4900 49.0000 0.1000 4.9000 4.9000 9.9000 0.0100 0.1000 0.0100 5999.9000 0.1000 99.9000 39.9000 7601.0000 10.1000 9.9000 3.9900 9.9000 0.9900 1.1000 9.9000 9.9000 0.0100 0.5100 0.9900 2.9000 10.0000 0.0100
179.0000 0.0100 0.9900 0.0100 0.0100 0.9900 1.2900 0.0100 30.0000 80.0000 90.0000 95.0000 0.0000 50.0000 2.0000 200.0000 1.9900 0.0100 0.1990 0.0010 0.4900 49.0000 0.1000 4.9000 4.9000 9.9000 0.9900 0.1000 0.0100 5999.9000 0.1000 99.9000 39.9000 7601.0000 10.1000 9.9000 3.9900 9.9000 0.9900 1.1000 9.9000 9.9000 0.0100 0.5100 0.9900 2.9000 10.0000 0.0100
179.0000 0.0100 0.9900 0.0100 0.0100 0.9900 1.2900 0.0100 30.0000 80.0000 90.0000 95.0000 0.0000 50.0000 2.0000 200.0000 1.9900 0.0100 0.1990 0.0010 0.4900 49.0000 0.1000 4.9000 4.9000 9.9000 0.9900 0.1000 0.0100 0.1000 0.1000 99.9000 39.9000 7601.0000 10.1000 9.9000 3.9900 9.9000 0.9900 1.1000 9.9000 9.9000 0.0100 0.5100 0.9900 2.9000 10.0000 0.0100
179.0000 0.0100 0.9900 0.0100 0.0100 0.9900 1.2900 0.0100 30.0000 80.0000 90.0000 95.0000 0.0000 50.0000 2.0000 200.0000 1.9900 0.0100 0.1990 0.0010 0.4900 49.0000 0.1000 4.9000 4.9000 9.9000 0.9900 0.1000 0.0100 0.1000 0.1000 99.9000 39.9000 7601.0000 10.1000 9.9000 3.9900 0.1000 0.9900 1.1000 9.9000 9.9000 0.0100 0.5100 0.9900 2.9000 10.0000 0.0100
179.0000 0.0100 0.9900 0.0100 0.0100 0.9900 1.2900 0.9900 30.0000 80.0000 90.0000 95.0000 0.0000 50.0000 2.0000 200.0000 1.9900 0.0100 0.1990 0.0010 0.4900 49.0000 0.1000 4.9000 4.9000 9.9000 0.9900 0.1000 0.0100 0.1000 0.1000 99.9000 39.9000 7601.0000 10.1000 9.9000 3.9900 0.1000 0.9900 1.1000 9.9000 9.9000 0.0100 0.5100 0.9900 2.9000 10.0000 0.0100
179.0000 0.0100 0.9900 0.0100 0.0100 0.9900 1.2900 0.9900 30.0000 80.0000 90.0000 95.0000 0.0000 50.0000 2.0000 200.0000 1.9900 0.0100 0.1990 0.0010 0.4900 49.0000 0.1000 4.9000 4.9000 9.9000 0.9900 0.1000 0.0100 0.1000 0.1000 99.9000 39.9000 7601.0000 10.1000 9.9000 3.9900 0.1000 0.9900 1.1000 9.9000 9.9000 0.0100 0.5100 0.9900 2.9000 10.0000 0.9000
179.0000 0.0100 0.9900 0.0100 0.0100 0.9900 1.2900 0.9900 30.0000 80.0000 70.0000 95.0000 0.0000 50.0000 2.0000 200.0000 1.9900 0.0100 0.1990 0.0010 0.4900 49.0000 0.1000 4.9000 4.9000 9.9000 0.9900 0.1000 0.0100 0.1000 0.1000 99.9000 39.9000 7601.0000 10.1000 9.9000 3.9900 0.1000 0.9900 1.1000 9.9000 9.9000 0.0100 0.5100 0.9900 2.9000 10.0000 0.9000
179.0000 0.0100 0.9900 0.0100 0.0100 0.9900 1.2900 0.9900 30.0000 50.0000 70.0000 95.0000 0.0000 50.0000 2.0000 200.0000 1.9900 0.0100 0.1990 0.0010 0.4900 49.0000 0.1000 4.9000 4.9000 9.9000 0.9900 0.1000 0.0100 0.1000 0.1000 99.9000 39.9000 7601.0000 10.1000 9.9000 3.9900 0.1000 0.9900 1.1000 9.9000 9.9000 0.0100 0.5100 0.9900 2.9000 10.0000 0.9000
179.0000 0.0100 0.9900 0.0100 0.0100 0.9900 1.2900 0.9900 30.0000 50.0000 70.0000 95.0000 0.0000 50.0000 2.0000 200.0000 1.9900 0.9900 0.1990 0.0010 0.4900 49.0000 0.1000 4.9000 4.9000 9.9000 0.9900 0.1000 0.0100 0.1000 0.1000 99.9000 39.9000 7601.0000 10.1000 9.9000 3.9900 0.1000 0.9900 1.1000 9.9000 9.9000 0.0100 0.5100 0.9900 2.9000 10.0000 0.9000
179.0000 0.0100 0.9900 0.0100 0.0100 0.9900 1.2900 0.9900 30.0000 50.0000 70.0000 95.0000 0.0000 50.0000 2.0000 10.0000 1.9900 0.9900 0.1990 0.0010 0.4900 49.0000 0.1000 4.9000 4.9000 9.9000 0.9900 0.1000 0.0100 0.1000 0.1000 99.9000 39.9000 7601.0000 10.1000 9.9000 3.9900 0.1000 0.9900 1.1000 9.9000 9.9000 0.0100 0.5100 0.9900 2.9000 10.0000 0.9000
179.0000 0.0100 0.9900 0.0100 0.9900 0.9900 1.2900 0.9900 30.0000 50.0000 70.0000 95.0000 0.0000 50.0000 2.0000 10.0000 1.9900 0.9900 0.1990 0.0010 0.4900 49.0000 0.1000 4.9000 4.9000 9.9000 0.9900 0.1000 0.0100 0.1000 0.1000 99.9000 39.9000 7601.0000 10.1000 9.9000 3.9900 0.1000 0.9900 1.1000 9.9000 9.9000 0.0100 0.5100 0.9900 2.9000 10.0000 0.9000
179.0000 0.0100 0.9900 0.0100 0.9900 0.9900 1.2900 0.9900 30.0000 50.0000 70.0000 95.0000 0.0000 50.0000 2.0000 10.0000 1.9900 0.9900 0.1990 0.0010 0.4900 49.0000 0.1000 4.9000 4.9000 9.9000 0.9900 0.1000 0.0100 0.1000 0.1000 99.9000 3.1000 7601.0000 10.1000 9.9000 3.9900 0.1000 0.9900 1.1000 9.9000 9.9000 0.0100 0.5100 0.9900 2.9000 10.0000 0.9000
179.0000 0.0100 0.9900 0.0100 0.9900 0.9900 1.2900 0.9900 30.0000 50.0000 70.0000 95.0000 0.0000 50.0000 2.0000 10.0000 1.9900 0.9900 0.1990 0.0010 0.0100 49.0000 0.1000 4.9000 4.9000 9.9000 0.9900 0.1000 0.0100 0.1000 0.1000 99.9000 3.1000 7601.0000 10.1000 9.9000 3.9900 0.1000 0.9900 1.1000 9.9000 9.9000 0.0100 0.5100 0.9900 2.9000 10.0000 0.9000
179.0000 0.0100 0.9900 0.0100 0.9900 0.9900 1.2900 0.9900 30.0000 50.0000 70.0000 95.0000 0.0000 50.0000 2.0000 10.0000 1.9900 0.9900 0.1990 0.0010 0.0100 49.0000 0.1000 4.9000 4.9000 9.9000 0.9900 0.1000 0.0100 0.1000 0.1000 99.9000 3.1000 7601.0000 10.1000 9.9000 3.9900 0.1000 0.9900 1.1000 9.9000 9.9000 0.0100 0.5100 0.9900 2.9000 100.0000 0.9000
179.0000 0.0100 0.9900 0.0100 0.9900 0.9900 1.2900 0.9900 30.0000 50.0000 70.0000 95.0000 0.0000 50.0000 2.0000 10.0000 1.9900 0.9900 0.1990 0.0010 0.0100 49.0000 0.1000 4.9000 4.9000 9.9000 0.9900 0.1000 0.0100 0.1000 0.1000 99.9000 3.1000 7601.0000 10.1000 9.9000 3.9900 0.1000 0.9900 1.1000 0.1000 9.9000 0.0100 0.5100 0.9900 2.9000 100.0000 0.9000
179.0000 0.0100 0.9900 0.0100 0.9900 0.9900 1.2900 0.9900 30.0000 50.0000 70.0000 95.0000 0.0000 50.0000 2.0000 10.0000 1.9900 0.9900 0.1990 0.0010 0.0100 49.0000 0.1000 4.9000 4.9000 9.9000 0.9900 0.1000 0.0100 0.1000 0.1000 99.9000 3.1000 7601.0000 10.1000 9.9000 3.9900 0.1000 0.9900 1.1000 0.1000 9.9000 0.0100 0.5100 0.9900 1.1000 100.0000 0.9000
179.0000 0.0100 0.9900 0.0100 0.9900 0.9900 1.2900 0.9900 30.0000 50.0000 70.0000 95.0000 0.0000 50.0000 2.0000 10.0000 1.9900 0.9900 0.1990 0.0010 0.0100 49.0000 49.0000 4.9000 4.9000 9.9000 0.9900 0.1000 0.0100 0.1000 0.1000 99.9000 3.1000 7601.0000 10.1000 9.9000 3.9900 0.1000 0.9900 1.1000 0.1000 9.9000 0.0100 0.5100 0.9900 1.1000 100.0000 0.9000
179.0000 0.0100 0.9900 0.0100 0.9900 0.9900 1.2900 0.9900 30.0000 50.0000 70.0000 95.0000 0.0000 50.0000 2.0000 10.0000 1.9900 0.9900 0.1990 0.0010 0.0100 49.0000 49.0000 4.9000 4.9000 9.9000 0.9900 0.1000 0.9000 0.1000 0.1000 99.9000 3.1000 7601.0000 10.1000 9.9000 3.9900 0.1000 0.9900 1.1000 0.1000 9.9000 0.0100 0.5100 0.9900 1.1000 100.0000 0.9000
179.0000 0.0100 0.9900 0.0100 0.9900 0.9900 1.2900 0.9900 30.0000 50.0000 70.0000 95.0000 0.0000 50.0000 2.0000 10.0000 1.9900 0.9900 0.1990 0.0010 0.0100 49.0000 49.0000 4.9000 4.9000 9.9000 0.9900 0.1000 0.9000 0.1000 0.1000 99.9000 3.1000 7601.0000 10.1000 9.9000 3.9900 0.1000 0.9900 1.1000 0.1000 9.9000 0.0100 0.9900 0.9900 1.1000 100.0000 0.9000
179.0000 0.0100 0.9900 0.0100 0.9900 0.9900 1.2900 0.9900 30.0000 50.0000 70.0000 95.0000 0.0000 50.0000 2.0000 10.0000 1.9900 0.9900 0.1990 0.0010 0.0100 0.1000 49.0000 4.9000 4.9000 9.9000 0.9900 0.1000 0.9000 0.1000 0.1000 99.9000 3.1000 7601.0000 10.1000 9.9000 3.9900 0.1000 0.9900 1.1000 0.1000 9.9000 0.0100 0.9900 0.9900 1.1000 100.0000 0.9000
179.0000 0.0100 0.9900 0.0100 0.9900 0.9900 1.2900 0.9900 30.0000 50.0000 70.0000 80.0000 0.0000 50.0000 2.0000 10.0000 1.9900 0.9900 0.1990 0.0010 0.0100 0.1000 49.0000 4.9000 4.9000 9.9000 0.9900 0.1000 0.9000 0.1000 0.1000 99.9000 3.1000 7601.0000 10.1000 9.9000 3.9900 0.1000 0.9900 1.1000 0.1000 9.9000 0.0100 0.9900 0.9900 1.1000 100.0000 0.9000
0.5100 0.0100 0.9900 0.0100 0.9900 0.9900 1.2900 0.9900 30.0000 50.0000 70.0000 80.0000 0.0000 50.0000 2.0000 10.0000 1.9900 0.9900 0.1990 0.0010 0.0100 0.1000 49.0000 4.9000 4.9000 9.9000 0.9900 0.1000 0.9000 0.1000 0.1000 99.9000 3.1000 7601.0000 10.1000 9.9000 3.9900 0.1000 0.9900 1.1000 0.1000 9.9000 0.0100 0.9900 0.9900 1.1000 100.0000 0.9000
0.5100 0.0100 0.9900 0.0100 0.9900 0.9900 1.2900 0.9900 30.0000 50.0000 70.0000 80.0000 0.0000 50.0000 2.0000 10.0000 1.9900 0.9900 0.1990 0.0010 0.0100 0.1000 49.0000 4.9000 4.9000 9.9000 0.9900 0.1000 0.9000 0.1000 0.1000 99.9000 3.1000 7601.0000 10.1000 9.9000 3.9900 0.1000 0.9900 1.1000 0.1000 0.1000 0.0100 0.9900 0.9900 1.1000 100.0000 0.9000
0.5100 0.0100 0.9900 0.0100 0.9900 0.9900 1.2900 0.9900 30.0000 50.0000 70.0000 80.0000 0.0000 50.0000 2.0000 10.0000 1.9900 0.9900 0.1990 0.0010 0.0100 0.1000 49.0000 4.9000 4.9000 9.9000 0.9900 0.1000 0.9000 0.1000 0.1000 0.1000 3.1000 7601.0000 10.1000 9.9000 3.9900 0.1000 0.9900 1.1000 0.1000 0.1000 0.0100 0.9900 0.9900 1.1000 100.0000 0.9000
0.5100 0.0100 0.9900 0.0100 0.9900 0.9900 1.2900 0.9900 30.0000 50.0000 70.0000 80.0000 0.0000 50.0000 2.0000 10.0000 1.9900 0.9900 0.1990 0.0010 0.0100 0.1000 49.0000 4.9000 -4.9000 9.9000 0.9900 0.1000 0.9000 0.1000 0.1000 0.1000 3.1000 7601.0000 10.1000 9.9000 3.9900 0.1000 0.9900 1.1000 0.1000 0.1000 0.0100 0.9900 0.9900 1.1000 100.0000 0.9000
0.5100 0.0100 0.9900 0.0100 0.9900 0.9900 1.2900 0.9900 30.0000 50.0000 70.0000 80.0000 0.0000 5.0000 2.0000 10.0000 1.9900 0.9900 0.1990 0.0010 0.0100 0.1000 49.0000 4.9000 -4.9000 9.9000 0.9900 0.1000 0.9000 0.1000 0.1000 0.1000 3.1000 7601.0000 10.1000 9.9000 3.9900 0.1000 0.9900 1.1000 0.1000 0.1000 0.0100 0.9900 0.9900 1.1000 100.0000 0.9000
0.5100 0.0100 0.0100 0.0100 0.9900 0.9900 1.2900 0.9900 30.0000 50.0000 70.0000 80.0000 0.0000 5.0000 2.0000 10.0000 1.9900 0.9900 0.1990 0.0010 0.0100 0.1000 49.0000 4.9000 -4.9000 9.9000 0.9900 0.1000 0.9000 0.1000 0.1000 0.1000 3.1000 7601.0000 10.1000 9.9000 3.9900 0.1000 0.9900 1.1000 0.1000 0.1000 0.0100 0.9900 0.9900 1.1000 100.0000 0.9000
0.5100 0.0100 0.0100 0.0100 0.9900 0.9900 1.2900 0.9900 30.0000 50.0000 70.0000 80.0000 0.0000 5.0000 2.0000 10.0000 1.9900 0.9900 0.1990 0.0010 0.0100 0.1000 49.0000 4.9000 -4.9000 9.9000 0.9900 0.1000 0.9000 0.1000 0.1000 0.1000 3.1000 7601.0000 50.9000 9.9000 3.9900 0.1000 0.9900 1.1000 0.1000 0.1000 0.0100 0.9900 0.9900 1.1000 100.0000 0.9000
0.5100 0.0100 0.0100 0.0100 0.9900 0.9900 1.2900 0.9900 70.0000 50.0000 70.0000 80.0000 0.0000 5.0000 2.0000 10.0000 1.9900 0.9900 0.1990 0.0010 0.0100 0.1000 49.0000 4.9000 -4.9000 9.9000 0.9900 0.1000 0.9000 0.1000 0.1000 0.1000 3.1000 7601.0000 50.9000 9.9000 3.9900 0.1000 0.9900 1.1000 0.1000 0.1000 0.0100 0.9900 0.9900 1.1000 100.0000 0.9000
0.5100 0.0100 0.0100 0.0100 0.9900 0.9900 0.7100 0.9900 70.0000 50.0000 70.0000 80.0000 0.0000 5.0000 2.0000 10.0000 1.9900 0.9900 0.1990 0.0010 0.0100 0.1000 49.0000 4.9000 -4.9000 9.9000 0.9900 0.1000 0.9000 0.1000 0.1000 0.1000 3.1000 7601.0000 50.9000 9.9000 3.9900 0.1000 0.9900 1.1000 0.1000 0.1000 0.0100 0.9900 0.9900 1.1000 100.0000 0.9000
0.5100 0.0100 0.0100 0.0100 0.9900 0.9900 0.7100 0.9900 70.0000 50.0000 70.0000 80.0000 0.0000 5.0000 2.0000 10.0000 0.1100 0.9900 0.1990 0.0010 0.0100 0.1000 49.0000 4.9000 -4.9000 9.9000 0.9900 0.1000 0.9000 0.1000 0.1000 0.1000 3.1000 7601.0000 50.9000 9.9000 3.9900 0.1000 0.9900 1.1000 0.1000 0.1000 0.0100 0.9900 0.9900 1.1000 100.0000 0.9000
0.5100 0.0100 0.0100 0.0100 0.9900 0.9900 0.7100 0.9900 70.0000 50.0000 70.0000 80.0000 0.0000 5.0000 2.0000 10.0000 0.1100 0.9900 0.1990 0.0010 0.0100 0.1000 49.0000 4.9000 -4.9000 9.9000 0.9900 499.9000 0.9000 0.1000 0.1000 0.1000 3.1000 7601.0000 50.9000 9.9000 3.9900 0.1000 0.9900 1.1000 0.1000 0.1000 0.0100 0.9900 0.9900 1.1000 100.0000 0.9000
0.5100 0.0100 0.0100 0.0100 0.9900 0.0100 0.7100 0.9900 70.0000 50.0000 70.0000 80.0000 0.0000 5.0000 2.0000 10.0000 0.1100 0.9900 0.1990 0.0010 0.0100 0.1000 49.0000 4.9000 -4.9000 9.9000 0.9900 499.9000 0.9000 0.1000 0.1000 0.1000 3.1000 7601.0000 50.9000 9.9000 3.9900 0.1000 0.9900 1.1000 0.1000 0.1000 0.0100 0.9900 0.9900 1.1000 100.0000 0.9000
0.5100 0.0100 0.0100 0.0100 0.9900 0.0100 0.7100 0.9900 70.0000 50.0000 70.0000 80.0000 2.0000 5.0000 2.0000 10.0000 0.1100 0.9900 0.1990 0.0010 0.0100 0.1000 49.0000 4.9000 -4.9000 9.9000 0.9900 499.9000 0.9000 0.1000 0.1000 0.1000 3.1000 7601.0000 50.9000 9.9000 3.9900 0.1000 0.9900 1.1000 0.1000 0.1000 0.0100 0.9900 0.9900 1.1000 100.0000 0.9000
0.5100 0.0100 0.0100 0.0100 0.9900 0.0100 0.7100 0.9900 70.0000 50.0000 70.0000 80.0000 2.0000 5.0000 2.0000 10.0000 0.1100 0.9900 0.1990 0.0010 0.0100 0.1000 49.0000 4.9000 -4.9000 0.1000 0.9900 499.9000 0.9000 0.1000 0.1000 0.1000 3.1000 7601.0000 50.9000 9.9000 3.9900 0.1000 0.9900 1.1000 0.1000 0.1000 0.0100 0.9900 0.9900 1.1000 100.0000 0.9000
0.5100 0.0100 0.0100 0.0100 0.9900 0.0100 0.7100 0.9900 70.0000 50.0000 70.0000 80.0000 2.0000 5.0000 2.0000 10.0000 0.1100 0.9900 0.0210 0.0010 0.0100 0.1000 49.0000 4.9000 -4.9000 0.1000 0.9900 499.9000 0.9000 0.1000 0.1000 0.1000 3.1000 7601.0000 50.9000 9.9000 3.9900 0.1000 0.9900 1.1000 0.1000 0.1000 0.0100 0.9900 0.9900 1.1000 100.0000 0.9000
0.5100 0.0100 0.0100 0.0100 0.9900 0.0100 0.7100 0.9900 70.0000 50.0000 70.0000 80.0000 2.0000 5.0000 2.0000 10.0000 0.1100 0.9900 0.0210 0.0010 0.0100 0.1000 49.0000 4.9000 -4.9000 0.1000 0.9900 499.9000 0.9000 0.1000 0.1000 0.1000 3.1000 7601.0000 50.9000 9.9000 3.9900 0.1000 0.9900 23.9000 0.1000 0.1000 0.0100 0.9900 0.9900 1.1000 100.0000 0.9000
0.5100 99.9000 0.0100 0.0100 0.9900 0.0100 0.7100 0.9900 70.0000 50.0000 70.0000 80.0000 2.0000 5.0000 2.0000 10.0000 0.1100 0.9900 0.0210 0.0010 0.0100 0.1000 49.0000 4.9000 -4.9000 0.1000 0.9900 499.9000 0.9000 0.1000 0.1000 0.1000 3.1000 7601.0000 50.9000 9.9000 3.9900 0.1000 0.9900 23.9000 0.1000 0.1000 0.0100 0.9900 0.9900 1.1000 100.0000 0.9000
