0.0437
0.0437
0.1957
0.1957
0.1957
0.4833
0.4906
0.4881
0.4881
0.4881
0.2159
0.2159
0.2157
0.2160
0.2586
0.2586
0.1026
0.1094
0.1094
0.1094
0.1359
0.1356
0.1382
0.1382
0.1381
0.1381
0.1381
0.1381
0.1411
0.6749
1.0535
1.0535
5.0323
5.0323
5.0323
5.0323
4.3888
4.3882
4.3882
4.3882
4.2846
60.3339
60.3144
60.3144
0.0000
0.0000
0.0000
0.0000
0.0000
0.0000
0.0000
0.0000
0.0000
0.0000
0.0000
0.0000
0.0000
0.0000
0.0000
0.0000
0.0000
0.0000
0.0000
0.0000
0.0000
0.0000
0.0000
0.0000
0.0000
10.4820
10.4820
10.4820
0.4281
0.4936
0.1762
0.1762
0.1366
0.1281
0.1028
0.1028
0.1028
0.1028
0.1028
0.7728
0.7721
0.7714
0.7693
1.9216
1.9216
1.9712
1.9765
1.9739
1.9739
1.9739
1.9739
0.6497
0.6497
0.6497
1.5365
0.0001
0.0001
0.0001
0.0001
0.0001
0.0002
0.0000
0.0000
0.0000
0.0000
0.0000
0.0000
0.0000
0.0000
0.0000
0.0000
0.0000
0.0000
0.0000
0.0000
0.0000
0.0000
0.0000
0.0000
0.0000
0.0000
0.0000
0.0000
0.0000
0.0000
0.0000
0.0000
0.0000
0.0000
0.0000
0.0000
0.0000
0.0000
0.0000
0.0026
0.0027
0.0027
0.0046
0.0046
0.0045
0.0045
0.0034
0.0000
0.0000
0.0000
0.0000
0.0000
0.0000
0.0000
0.0000
0.0000
0.0000
0.0000
0.0000
0.0000
0.0000
0.0000
0.0000
0.0000
0.0000
0.0000
0.0000
0.0000
0.0000
0.0000
0.0000
0.0001
0.0001
0.0001
0.0001
0.0002
0.0000
0.0000
0.0000
0.0000
0.0000
0.0000
0.0000
0.0000
0.0000
0.0000
0.0000
0.0000
0.0000
0.0000
0.0000
0.0000
0.0000
0.0000
0.0000
0.0000
0.0000
0.0000
0.0000
0.0000
0.0000
0.0000
0.0000
0.0000
0.0000
0.0000
0.0000
0.0000
0.0000
0.0000
0.0000
0.0000
0.0000
0.0000
0.0000
0.0000
0.0000
0.0000
0.0000
0.0000
0.0000
0.0000
0.0000
0.0000
0.0000
0.0000
0.0000
0.0000
0.6841
0.6848
0.6848
0.6848
0.5281
0.5271
0.5271
0.2297
0.0003
0.0003
0.0003
0.0003
0.0003
0.0003
0.0001
0.0001
0.0001
0.0000
0.0000
0.0000
0.0000
0.0000
0.0000
0.0000
0.0000
0.0000
0.0000
0.0000
0.0000
0.0000
0.0000
0.0000
0.0000
0.0000
0.0000
0.0000
0.0000
0.0000
0.0000
0.0000
0.0000
0.0000
0.0000
0.0000
0.0000
0.0000
0.0000
0.0000
0.0000
0.0000
0.0000
0.0000
0.0000
0.0000
0.0000
0.0000
0.0000
0.0000
0.0000
0.0000
0.0000
0.0000
0.0000
0.0000
0.0000
0.0000
0.0000
0.0000
0.0000
0.0000
0.0000
0.0000
0.0000
0.0000
0.0000
0.0000
0.0000
0.0000
0.0000
0.0000
0.0000
0.0000
0.0000
0.0000
0.0000
0.0000
0.0000
0.0000
0.0000
0.0000
0.0000
0.0000
0.0000
0.0056
0.0047
0.0051
0.0088
0.0170
0.0170
0.0053
0.0053
0.0053
0.0060
106.9467
106.9467
108.2242
108.2242
108.2269
108.2269
108.1064
111.3210
111.2484
110.1225
114.8529
271.7365
135.3973
135.3973
135.2278
0.0000
0.0000
0.0000
0.0000
0.0000
0.0000
0.0000
0.0000
0.0000
0.0000
0.0000
0.0000
0.0000
0.0000
0.0000
0.0000
0.0000
0.0000
0.0000
0.0000
0.0000
0.0000
0.0000
0.0000
0.0000
0.0000
0.0000
0.0000
0.0000
0.0000
0.0000
0.0722
0.0722
0.0722
0.0722
0.0722
0.2048
0.0424
0.0424
0.0424
0.0424
0.0424
0.0424
0.0424
0.0424
0.0424
0.0424
0.0106
0.0106
0.0108
0.0108
0.0109
0.0109
0.0109
0.0109
0.0109
0.0036
0.0036
0.0036
0.0036
0.0036
0.0036
0.0036
0.0036
0.0089
0.0202
0.0202
0.0202
0.0202
0.0003
0.0007
0.0008
0.0008
0.0008
0.0008
0.0008
0.0008
0.0006
0.0006
0.0006
0.0008
0.0008
0.0008
0.0003
0.0000
0.0000
0.0000
0.0000
0.0000
0.0000
0.0007
0.0007
0.0007
0.0008
0.0082
0.0082
0.8949
105.2499
118.6085
99.6420
65.6114
65.6294
65.6292
50.3747
50.3747
50.3747
491.6526
0.0000
0.0000
0.0000
0.0000
0.0000
0.0000
0.0000
0.0000
0.0000
0.0000
0.0000
0.0000
0.0000
0.0000
0.0000
0.0000
0.0000
0.0000
0.0000
0.0000
0.0000
0.0000
0.0000
0.0000
0.0000
0.0000
0.0000
0.0000
0.0000
0.0000
0.0000
0.0000
0.0000
0.0000
0.0000
0.0000
0.0000
0.0000
0.0000
0.0000
0.0000
0.0000
0.0000
0.0000
0.0000
0.0000
0.0000
0.0000
0.0000
0.0000
0.0000
0.0000
0.0000
0.0000
0.0000
0.0000
0.0000
0.0000
0.0000
0.0000
0.0000
0.0000
0.0000
0.0000
0.0000
0.0000
0.0000
0.0000
0.0000
0.0000
0.0000
0.0000
0.0000
0.0000
0.0000
0.0000
0.0000
0.0000
0.0000
0.0000
0.0000
0.0000
0.0000
0.0000
0.0000
0.0000
0.0000
0.0000
0.0000
0.0001
0.0001
0.0001
0.0001
0.0001
0.0001
0.0001
0.0001
0.0001
0.0001
0.0001
0.0000
0.0000
0.0000
0.0000
0.0000
0.0000
0.0000
0.0000
0.0000
0.0000
0.0000
0.0000
0.0000
0.0000
0.0000
0.0000
0.0000
0.0000
0.0000
0.0000
0.0000
0.0000
0.0000
0.0000
0.0000
0.0000
0.0000
0.0000
0.0000
0.0000
0.0000
0.0000
0.0000
0.0000
0.0000
0.0000
0.0000
0.0000
0.0000
0.0000
0.0000
0.0000
0.0000
0.0000
0.0000
0.0000
0.0000
0.0000
0.0000
0.0000
0.0000
0.0000
0.0000
0.0000
0.0000
0.0000
0.0000
0.0000
0.0000
0.0000
0.0000
0.0000
0.0000
0.0000
0.0000
0.0000
0.0000
0.0000
0.0000
0.1130
0.1130
0.1130
0.1130
0.1176
0.0024
0.0034
0.0034
0.0000
0.0000
0.0000
0.0000
0.0000
0.0004
0.0004
0.0004
0.0004
0.0004
0.0004
0.0004
0.0004
0.0004
0.0005
0.0005
0.0005
0.0010
0.0010
0.0010
0.0010
0.0000
0.0000
0.0000
0.0000
0.0000
0.0000
0.0000
0.0000
0.0000
0.0000
0.0000
0.0000
0.0000
0.0000
0.0000
0.0000
0.0000
0.0000
0.0000
0.0000
0.0000
0.0000
0.0000
0.0000
0.0000
0.0000
0.0000
0.0000
0.0000
0.0000
0.0000
0.0000
0.0000
0.0000
0.0000
0.0000
0.0000
0.0000
0.0000
0.0000
0.0000
0.0000
0.0000
0.0000
0.0000
0.0000
0.0000
0.0000
0.0000
0.0000
0.0000
0.0000
0.0000
0.0000
0.0000
0.0000
0.0000
0.0000
0.0000
0.0000
0.0000
0.0000
0.0000
0.0000
0.0000
0.0000
0.0000
0.0000
0.0000
0.0000
1.6007
1.5685
1.5685
1.5686
2.0229
2.0229
2.5209
0.1685
0.1685
0.1685
0.1685
6.4677
6.4677
6.4764
6.4764
1.8333
1.8335
1.8335
1.8769
1.9070
1.9054
1.9054
1.8969
3.2262
3.2262
3.2262
3.2262
5.3064
5.3064
5.3109
3.9477
0.0007
0.0007
0.0007
0.0007
0.0007
0.0007
0.0007
0.0002
0.0069
0.0069
0.0156
0.0156
0.0156
0.0156
0.0186
0.0186
0.0186
0.0186
0.3377
0.3362
0.3364
0.3147
0.3147
0.3119
0.3154
0.3657
0.3672
0.3682
0.0000
0.0000
0.0000
0.0000
0.0000
0.0001
0.0001
0.0000
0.0000
0.0000
0.0000
0.0000
0.0000
0.0000
0.0000
0.0000
0.0000
0.0000
0.0000
0.0000
0.0000
0.0000
0.0000
0.0000
0.0000
0.0000
0.0000
0.0000
0.0000
0.0000
0.0000
0.0000
0.0000
0.0000
0.0000
0.0000
0.0000
0.0000
0.0000
0.0000
0.0000
0.0000
0.0000
0.0000
0.0000
0.0000
0.0000
0.0000
0.0000
0.0524
0.0514
0.0514
0.0487
0.0487
0.1076
0.1076
0.1076
0.1076
0.1388
0.0000
0.0000
0.0000
0.0000
0.0000
0.0017
0.0017
0.0017
0.0027
0.0032
0.0032
0.0032
0.0032
0.0032
0.0032
0.0034
0.0034
0.0033
0.0009
0.0009
0.0009
0.0009
0.0009
0.0009
0.0006
0.0006
0.0006
0.0006
0.0006
0.0049
0.0049
0.0049
0.0049
0.0050
0.0050
0.0052
0.0052
0.0052
0.0143
0.0144
0.0531
0.1333
0.1050
0.1418
0.1202
0.0936
0.1080
0.1080
0.1080
0.1071
0.0872
0.0873
0.0886
0.0903
0.0911
0.0907
0.0678
0.1143
0.1143
0.0000
0.0000
0.0000
0.0000
0.0000
0.0000
0.0000
0.0000
0.0000
0.0000
0.0000
0.0000
0.0000
0.0000
0.0000
0.0000
0.0000
0.0000
0.0000
0.0000
0.0000
0.0000
0.0000
0.0000
0.0000
0.0000
0.0000
0.0000
0.0000
0.0000
0.0000
0.0000
0.0000
0.0000
0.0000
0.0000
0.0000
0.0000
0.0000
0.0000
0.0000
0.0000
0.0000
0.0000
0.0000
0.0000
0.0000
0.0000
0.0952
0.0952
0.0950
0.0956
0.0956
0.0958
0.0464
0.0464
0.0511
0.2345
0.2346
0.1501
0.1501
0.1501
0.5268
0.5268
0.4764
0.4764
0.4763
0.4667
0.4667
0.0000
0.0000
0.0000
0.0000
0.0000
0.0000
0.0000
0.0000
0.0000
0.0000
0.0000
0.0000
0.0000
0.0000
0.0000
0.0000
0.0000
0.0000
0.0000
0.0000
0.0000
0.0000
0.0000
0.0000
0.0000
0.0000
0.0000
0.0000
0.0000
0.0000
0.0000
0.2015
0.2022
15.6249
15.6249
15.6124
2.4793
2.4793
2.4717
0.4502
0.4502
0.4502
0.4502
0.4503
0.4503
0.3647
0.3647
0.3649
1.4391
1.4391
1.4391
1.1761
1.1761
3.8695
1.9872
2.9376
2.9345
1.3158
1.3101
1.3362
1.3468
1.3468
0.5403
0.5527
0.3658
0.3658
0.3658
0.3658
0.3658
87.4989
87.4989
87.4426
92.7029
92.7202
88.2778
88.0877
88.2405
88.2405
88.0227
88.0227
88.0227
5.4293
5.4293
5.4293
6.0231
6.0241
6.0241
0.4840
0.6609
0.0000
0.0962
0.0962
0.0256
0.0256
0.0256
0.0256
0.0000
0.0000
0.0000
0.0000
0.0000
0.0000
0.0000
0.0000
0.0000
0.0000
0.0000
0.0000
0.0000
0.0000
0.0000
0.0000
0.0000
0.0000
0.0000
0.0000
0.0000
0.0000
0.0000
0.0000
0.0000
0.0000
0.0000
0.0000
0.0000
0.0000
0.0000
0.0000
0.0000
0.0000
0.0000
0.0000
0.0000
0.0000
0.0000
0.0000
0.0000
0.0000
0.0041
0.0048
0.8728
0.8628
0.8470
0.8470
0.8460
0.8460
0.8460
0.8407
2.0390
0.8734
0.6771
0.6769
0.6867
0.6867
0.6867
0.5778
0.5778
0.5778
0.5778
0.5778
0.1908
0.4410
0.4920
0.3505
0.0914
0.0819
0.0816
0.0816
0.0816
0.0816
0.0108
0.0276
0.0036
0.0036
0.0636
0.0636
0.0636
0.0636
0.0638
0.0638
0.1715
0.1715
0.1715
0.0328
0.0328
0.0402
0.0402
0.0403
0.0414
0.0374
0.0374
0.0377
0.0093
0.0209
0.0209
0.0209
0.0209
0.0209
0.0332
0.0332
0.0452
0.0454
0.0439
0.0444
0.0000
0.0000
0.0000
0.0000
0.0000
0.0000
0.0000
0.0000
0.0000
0.0000
0.0000
0.0000
0.0000
0.0000
0.0000
0.0000
0.0000
0.0000
0.0000
0.0000
0.0000
0.0000
0.0000
0.0000
0.0000
0.0000
0.0000
0.0000
0.0000
0.0000
0.0000
0.0000
0.0000
0.0000
0.0000
0.0000
0.0000
0.0000
0.0000
0.0000
0.0000
0.0000
0.0000
0.0000
0.0000
0.0000
0.0000
0.0000
0.0000
0.0000
0.0000
0.0000
0.0000
0.0000
0.0000
0.0000
0.0000
0.0000
0.0000
0.0000
0.0000
0.0000
0.0000
0.0000
0.0000
0.0000
0.0000
0.0000
0.0000
0.0000
0.0000
0.0000
0.0231
0.0231
0.0231
0.0231
0.0231
0.0230
0.0230
0.0224
0.0221
0.9068
0.9068
0.9068
0.0023
0.0023
0.0036
0.0036
0.0036
0.0036
0.0274
0.0279
0.0284
0.0274
0.0019
2.8536
2.8363
2.8363
4.4698
6.7309
5.2872
5.2872
5.4031
5.4031
5.4066
5.4066
5.4066
0.6310
0.6310
0.6310
0.6490
0.0237
0.0237
0.0237
0.0224
0.0068
0.0068
0.0054
0.0054
0.0054
0.0113
0.0113
0.0152
0.0152
0.0136
0.0136
0.0136
0.0136
0.0132
3.0674
2.9089
2.0694
2.2366
1.9689
1.9689
0.0353
0.1240
0.0000
0.0000
0.0000
0.0000
0.0000
0.0000
0.0000
0.0000
0.0000
0.0000
0.0000
0.0000
0.0000
0.0000
0.0000
0.0410
0.0821
0.1496
0.1457
0.1457
0.0414
0.0413
0.0339
0.0353
0.0359
0.0376
0.0445
0.0445
0.1027
0.1950
0.1944
0.0024
0.0024
0.0024
0.0024
0.0030
0.0030
0.0006
0.0008
0.0008
0.0008
0.0008
0.0008
0.0001
0.0001
0.0001
0.0002
0.0000
0.0001
0.0001
0.0001
0.0001
0.0001
0.0001
0.0001
0.0001
0.0001
0.0001
0.0001
0.0001
0.0004
0.0004
0.0004
0.0004
0.0004
0.0004
0.0003
0.0003
0.0003
0.0003
0.0003
0.0019
0.0060
