 Huron                     SWAT+ Jun 13 2023       MODULAR Rev 2023.60.5.7                                
       year     plant_no   plant_name       harv_area(ha)    yld(t)         yld(t/ha)      
        2017           1 crgr               69556.31       577400.4       8.301194    
        2017           2 frsd              0.0000000E+00  0.0000000E+00  0.0000000E+00
        2017           3 past              0.0000000E+00  0.0000000E+00  0.0000000E+00
        2017           4 tuhb              0.0000000E+00  0.0000000E+00  0.0000000E+00
        2017           5 frst              0.0000000E+00  0.0000000E+00  0.0000000E+00
        2017           6 wetw              0.0000000E+00  0.0000000E+00  0.0000000E+00
        2017           7 wewo              0.0000000E+00  0.0000000E+00  0.0000000E+00
        2017           8 wehb              0.0000000E+00  0.0000000E+00  0.0000000E+00
        2018           1 crgr               69556.33       491085.0       7.060249    
        2018           2 frsd              0.0000000E+00  0.0000000E+00  0.0000000E+00
        2018           3 past              0.0000000E+00  0.0000000E+00  0.0000000E+00
        2018           4 tuhb              0.0000000E+00  0.0000000E+00  0.0000000E+00
        2018           5 frst              0.0000000E+00  0.0000000E+00  0.0000000E+00
        2018           6 wetw              0.0000000E+00  0.0000000E+00  0.0000000E+00
        2018           7 wewo              0.0000000E+00  0.0000000E+00  0.0000000E+00
        2018           8 wehb              0.0000000E+00  0.0000000E+00  0.0000000E+00
        2019           1 crgr               69556.27       410339.1       5.899383    
        2019           2 frsd              0.0000000E+00  0.0000000E+00  0.0000000E+00
        2019           3 past              0.0000000E+00  0.0000000E+00  0.0000000E+00
        2019           4 tuhb              0.0000000E+00  0.0000000E+00  0.0000000E+00
        2019           5 frst              0.0000000E+00  0.0000000E+00  0.0000000E+00
        2019           6 wetw              0.0000000E+00  0.0000000E+00  0.0000000E+00
        2019           7 wewo              0.0000000E+00  0.0000000E+00  0.0000000E+00
        2019           8 wehb              0.0000000E+00  0.0000000E+00  0.0000000E+00
        2020           1 crgr               69556.33       404362.4       5.813453    
        2020           2 frsd              0.0000000E+00  0.0000000E+00  0.0000000E+00
        2020           3 past              0.0000000E+00  0.0000000E+00  0.0000000E+00
        2020           4 tuhb              0.0000000E+00  0.0000000E+00  0.0000000E+00
        2020           5 frst              0.0000000E+00  0.0000000E+00  0.0000000E+00
        2020           6 wetw              0.0000000E+00  0.0000000E+00  0.0000000E+00
        2020           7 wewo              0.0000000E+00  0.0000000E+00  0.0000000E+00
        2020           8 wehb              0.0000000E+00  0.0000000E+00  0.0000000E+00
        2021           1 crgr               69556.33       434826.8       6.251433    
        2021           2 frsd              0.0000000E+00  0.0000000E+00  0.0000000E+00
        2021           3 past              0.0000000E+00  0.0000000E+00  0.0000000E+00
        2021           4 tuhb              0.0000000E+00  0.0000000E+00  0.0000000E+00
        2021           5 frst              0.0000000E+00  0.0000000E+00  0.0000000E+00
        2021           6 wetw              0.0000000E+00  0.0000000E+00  0.0000000E+00
        2021           7 wewo              0.0000000E+00  0.0000000E+00  0.0000000E+00
        2021           8 wehb              0.0000000E+00  0.0000000E+00  0.0000000E+00
        2022           1 crgr               69556.32       398186.2       5.724659    
        2022           2 frsd              0.0000000E+00  0.0000000E+00  0.0000000E+00
        2022           3 past              0.0000000E+00  0.0000000E+00  0.0000000E+00
        2022           4 tuhb              0.0000000E+00  0.0000000E+00  0.0000000E+00
        2022           5 frst              0.0000000E+00  0.0000000E+00  0.0000000E+00
        2022           6 wetw              0.0000000E+00  0.0000000E+00  0.0000000E+00
        2022           7 wewo              0.0000000E+00  0.0000000E+00  0.0000000E+00
        2022           8 wehb              0.0000000E+00  0.0000000E+00  0.0000000E+00
